0,0,0,-336.379,0,-569.445,-83.1546,-53.7089,-22.0327,-16.9728,-14.0749,-20.7962,-4.50196,-5.32311,-26.4054,-69.2845,-40.3434,-103.163,-806.075,-92.7739,-722.416,-141.44,-337.408,-404.581,
0,0,0,0,0,-212.538,-222.82,0,0,-16.3244,-33.3589,-11.5593,-7.89902,-18.2615,-36.7759,-175.408,-19.7817,-980.724,-108.745,-1075.28,-511.267,-300.118,-208.613,-481.623,
0,0,0,0,0,0,0,0,0,0,0,0,-14.4792,-5.98252,-10.5146,-22.2055,-14.4285,-11.1329,-142.849,-796.206,-262.866,-196.207,-1027.61,-761.967,
0,0,0,0,0,0,0,0,-18.4533,0,-23.6449,-26.4562,0,-53.0288,-20.8771,-11.5387,-625.36,-214.714,-490.5,-6.65149,-767.554,-63.8832,-937.645,-49.1805,
0,0,0,0,0,0,0,0,0,0,0,0,0,0,0,0,0,-2.55533,-164.39,-222.047,-1050.19,-1132.07,-655.795,-557.434,
0,0,0,0,0,0,0,0,0,0,0,0,-25.4504,0,-10.6065,-10.7984,-11.5291,0,-893.175,-498.862,-536.63,-1057.05,-257.793,-179.722,
0,0,0,0,0,0,0,0,0,0,0,0,0,0,0,0,-6.29642,0,-547.528,0,-244.131,-1016.47,-408.863,-443.341,
0,0,0,0,0,0,0,0,0,-28.5639,0,0,0,0,0,0,0,0,0,0,0,0,0,-65.9048,
0,0,0,0,0,0,0,0,0,0,0,0,0,-18.5548,0,0,0,0,0,0,-487.202,-389.364,-324.213,-590.607,
0,0,0,0,0,0,0,0,0,0,0,0,0,0,-8.78044,-7.92916,-37.211,-11.6401,-31.0668,-985.922,-584.027,-331.821,-509.76,-712.786,
0,0,0,0,0,0,0,0,0,0,0,0,0,0,0,0,0,0,0,-1.96722,0,-1167.06,0,-392.415,
0,0,0,0,0,0,0,0,0,0,0,0,0,0,0,0,0,0,0,0,-752.098,-324.511,-647.396,-345.256,
0,0,0,0,0,0,0,0,0,0,0,0,0,0,0,0,0,0,-15.8282,-339.154,-424.397,-194.939,0,-697.845,
0,0,0,0,0,0,0,0,0,0,0,0,0,0,-24.0301,0,0,-20.1067,-275.032,0,-278.124,-206.076,-298.612,-843.126,
0,0,0,0,0,0,0,0,0,0,0,0,0,0,0,0,-15.1482,0,-69.2908,0,0,0,-249.192,-413.697,
0,0,0,0,0,0,0,0,0,0,0,0,0,0,0,-1.5107,0,-4.34979,-19.8626,-118.689,-655.758,-506.471,-902.653,-194.425,
0,0,0,0,0,0,0,0,0,0,0,0,0,0,0,-6.26629,0,-791.372,-19.7913,-319.894,-212.417,-622.31,-1211.41,-536.868,
0,0,0,0,0,0,0,0,0,0,0,0,0,0,0,0,0,0,0,-9.78538,-756.894,0,-376.168,-692.18,
0,0,0,0,0,0,0,0,0,0,0,0,0,0,0,0,0,0,0,0,-476.459,0,0,-374.9,
0,0,0,0,0,0,0,0,0,0,0,0,0,0,0,0,-13.303,0,0,0,0,-316.881,0,-422.059,
0,0,0,0,0,0,0,0,0,0,0,0,0,0,0,0,0,-30.783,0,-14.2969,-1767.54,0,-23.5795,-36.4994,
0,0,0,0,0,0,0,0,0,0,0,0,-2.30171,0,0,-22.7223,-188.831,0,-341.914,0,-410.646,-740.17,-1844.07,-342.444,
0,0,0,0,0,0,0,0,0,0,0,-25.3393,0,0,0,0,0,-16.4454,0,-53.2094,-643.592,-608.875,-316.604,-501.637,
0,0,0,0,0,0,0,0,0,0,0,0,0,0,-775.916,-17.5418,0,-185.905,-3.09271,-0.791005,-128.005,-760.221,-49.1805,-980.761,
