0.000000000000000000e+00
0.000000000000000000e+00
0.000000000000000000e+00
0.000000000000000000e+00
6.000000000000000000e+00
5.879999999999999716e+01
6.300000000000000000e+01
9.900000000000000000e+01
1.050000000000000000e+02
1.350000000000000000e+02
1.380000000000000000e+02
1.391999999999999886e+02
1.434000000000000057e+02
1.500000000000000000e+02
1.511999999999999886e+02
1.565999999999999943e+02
1.974000000000000057e+02
2.285999999999999943e+02
4.170000000000000000e+02
4.241999999999999886e+02
6.287999999999999545e+02
8.166000000000000227e+02
1.119599999999999909e+03
1.495799999999999955e+03
2.625000000000000000e+03
