1.800000000000000044e+00
1.800000000000000000e+01
2.700000000000000000e+01
3.000000000000000000e+01
4.320000000000000284e+01
5.039999999999999858e+01
5.400000000000000000e+01
8.579999999999999716e+01
9.720000000000000284e+01
9.840000000000000568e+01
1.451999999999999886e+02
1.488000000000000114e+02
1.535999999999999943e+02
2.100000000000000000e+02
2.976000000000000227e+02
3.126000000000000227e+02
4.308000000000000114e+02
4.590000000000000000e+02
5.183999999999999773e+02
6.570000000000000000e+02
7.542000000000000455e+02
8.922000000000000455e+02
1.037400000000000091e+03
1.499400000000000091e+03
2.035200000000000045e+03
