0.000000000000000000e+00
0.000000000000000000e+00
0.000000000000000000e+00
0.000000000000000000e+00
0.000000000000000000e+00
0.000000000000000000e+00
0.000000000000000000e+00
0.000000000000000000e+00
0.000000000000000000e+00
0.000000000000000000e+00
0.000000000000000000e+00
0.000000000000000000e+00
0.000000000000000000e+00
0.000000000000000000e+00
0.000000000000000000e+00
0.000000000000000000e+00
0.000000000000000000e+00
2.399999999999999911e+00
3.000000000000000000e+01
4.560000000000000142e+01
2.411999999999999886e+02
9.150000000000000000e+02
1.213799999999999955e+03
2.861400000000000091e+03
3.811800000000000182e+03
